8 28 900000000000000
1 2 100000000000000
1 3 100000000000000
1 4 100000000000000
1 5 100000000000000
1 6 100000000000000
1 7 100000000000000
1 8 100000000000000
2 3 100000000000000
2 4 100000000000000
2 5 100000000000000
2 6 100000000000000
2 7 100000000000000
2 8 100000000000000
3 4 100000000000000
3 5 100000000000000
3 6 100000000000000
3 7 100000000000000
3 8 100000000000000
4 5 100000000000000
4 6 100000000000000
4 7 100000000000000
4 8 100000000000000
5 6 100000000000000
5 7 100000000000000
5 8 100000000000000
6 7 100000000000000
6 8 100000000000000
7 8 100000000000000
